"ID","año","ECO_ID","VALUE"
121,2029,2,0.3
125,2029,5,59305052181.558
122,2029,1,12
123,2029,3,6
126,2029,6,23
84,2024,2,0.380168565
85,2025,2,0.323665255
86,2026,2,0.292025865
87,2027,2,0.24962596
88,2028,2,0.223564188
94,2024,4,33.05052181806
95,2025,4,28.32
96,2026,4,29.35124565
97,2027,4,27.35954252
98,2028,4,26.352648
104,2024,6,23.5
105,2025,6,18.75
106,2026,6,21.54
107,2027,6,17.24
108,2028,6,24.24
1,2011,1,3.73
2,2011,2,1.09358307436582
3,2011,3,6.38680337285275
4,2011,4,33.181861821566564
5,2011,5,52125545572.0061
6,2011,6,26.14
7,2012,1,2.44
8,2012,2,1.03966499994087
9,2012,3,3.61665506268434
10,2012,4,32.148866312190464
11,2012,5,56648290243.8164
12,2012,6,27.8
13,2013,1,1.94
14,2013,2,0.990034781454962
15,2013,3,1.90767643221177
16,2013,4,30.94031670874802
17,2013,5,57103075809.492805
18,2013,6,27.94
19,2014,1,3.66
20,2014,2,0.947136923375947
21,2014,3,2.23563237643134
22,2014,4,31.183960350136296
23,2014,5,61539344537.8702
24,2014,6,27.08
25,2015,1,6.77
26,2015,2,0.941994067106625
27,2015,3,2.44932842052006
28,2015,4,30.57967058596125
29,2015,5,52050752072.58379
30,2015,6,26.98
31,2016,1,5.75
32,2016,2,1.068611890834
33,2016,3,5.14833430514592
34,2016,4,27.11020543725156
35,2016,5,43238949427.6862
36,2016,6,26.29
37,2017,1,4.09
38,2017,2,1.51228960592288
39,2017,3,5.13373589963344
40,2017,4,26.6052622479582
41,2017,5,44070175426.5192
42,2017,6,26.81
43,2018,1,3.18
44,2018,2,1.89558675057496
45,2018,3,4.63057967327829
46,2018,4,27.82989105365308
47,2018,5,49387004271.9763
48,2018,6,25.65
49,2019,1,3.8
50,2019,2,1.83074694246543
51,2019,3,4.0026205429365
52,2019,4,28.53961380866586
53,2019,5,50518369960.969
54,2019,6,26.88
55,2020,1,1.61
56,2020,2,1.47010203160178
57,2020,3,1.48172462037539
58,2020,4,27.555929990054924
59,2020,5,41178755257.089
60,2020,6,34.05
61,2021,1,5.62
62,2021,2,1.14382091580962
63,2021,3,7.80211309545898
64,2021,4,31.8305052181806
65,2021,5,56719215736.274
66,2021,6,26.18
67,2022,1,13.12
68,2022,2,0.691481571303501
69,2022,3,14.8665745551143
70,2022,4,38.92278360493457
71,2022,5,71651700640.8865
72,2022,6,20.78
73,2023,1,9.28
74,2023,2,0.406206101195742
75,2023,3,6.34773346130497
76,2023,4,30.90222581282615
77,2023,5,59373499191.3835
78,2023,6,21.54
79,2024,1,5.2
80,2025,1,8.12
81,2026,1,10.45
82,2027,1,13.8
83,2028,1,14.45
89,2024,3,4.5236
90,2025,3,3.9535574
91,2026,3,4.598752
92,2027,3,5.32498
93,2028,3,7.32588
99,2024,5,71651700640.8865
100,2025,5,50518369960.969
101,2026,5,56719215736.274
102,2027,5,59819965736.274
103,2028,5,58305052181.558
124,2029,4,26
